frequency, n1, n2, n3, n4, n5, n6 
1, 8,23,39,52,75,81
1, 12,32,54,60,89,90
1, 1,6,7,10,14,56
1, 8,21,39,56,74,81
1, 17,20,44,57,71,76
1, 3,6,12,20,69,83
1, 35,43,56,58,71,90
1, 11,19,57,63,84,89
1, 2,19,22,57,65,89
1, 7,8,10,29,40,52
1, 9,46,54,64,69,72
1, 12,26,46,69,72,87
1, 6,26,42,51,60,79
1, 1,28,52,53,63,77
1, 7,15,16,21,37,60
1, 15,33,34,43,49,75
1, 20,45,61,67,80,88
1, 6,20,31,33,63,74
1, 5,14,41,48,59,90
1, 7,9,35,61,67,68
1, 22,26,32,38,42,86
1, 12,13,19,37,64,70
1, 6,27,59,71,85,90
1, 4,14,20,61,75,78
1, 55,65,68,70,73,80
1, 31,40,52,55,62,76
1, 10,50,55,61,87,90
1, 10,19,25,35,51,73
1, 19,35,36,38,45,80
1, 6,25,62,80,85,86
1, 16,33,42,86,88,89
1, 27,29,30,42,48,73
1, 4,6,26,28,53,64
1, 12,18,54,71,80,85
1, 39,56,64,75,76,90
1, 10,39,45,65,74,86
1, 2,41,59,68,74,86
1, 24,50,53,59,80,85
1, 33,38,41,43,46,57
1, 6,9,11,19,45,51
1, 9,12,60,69,72,89
1, 7,24,42,49,54,65
1, 1,6,13,23,53,77
1, 17,38,47,56,76,85
1, 26,31,32,50,61,77
1, 29,51,52,62,72,79
1, 5,17,18,27,33,47
1, 7,8,13,17,38,43
1, 17,39,40,75,76,88
1, 27,70,73,84,88,90
1, 5,25,37,52,62,79
1, 3,16,20,55,60,80
1, 16,21,27,43,56,64
1, 11,29,60,61,82,84
1, 10,36,48,63,83,90
1, 18,35,50,57,67,72
1, 22,63,66,73,81,90
1, 9,32,40,49,52,60
1, 10,16,36,70,71,73
1, 1,2,26,41,65,80
1, 37,40,46,51,58,66
1, 42,45,56,75,79,90
1, 11,14,19,32,78,89
1, 1,11,42,43,61,81
1, 3,6,13,28,49,50
1, 4,10,27,28,34,57
1, 14,19,44,52,60,71
1, 13,46,48,76,81,83
1, 31,36,37,71,86,90
1, 1,5,14,20,39,58
1, 12,14,29,49,62,82
1, 7,33,54,72,73,90
1, 4,19,34,52,68,77
1, 6,19,30,45,52,89
1, 25,40,63,78,82,85
1, 23,36,41,43,83,90
1, 11,19,43,75,81,87
1, 9,31,33,37,79,86
1, 7,43,46,70,77,89
1, 23,33,36,55,76,79
1, 7,14,27,47,80,87
1, 37,46,54,55,65,87
1, 44,45,58,65,66,85
1, 2,14,38,53,56,71
1, 4,14,45,53,77,84
1, 16,34,50,58,80,90
1, 15,30,33,37,62,78
1, 2,14,42,52,75,79
1, 21,54,62,63,82,83
1, 27,32,40,49,75,82
1, 42,43,46,49,52,76
1, 9,31,32,47,70,89
1, 48,54,64,75,79,87
1, 14,28,40,52,54,83
1, 11,29,56,62,68,76
1, 6,54,72,75,81,87
1, 13,16,51,56,65,67
1, 27,43,46,51,52,72
1, 3,8,10,31,77,79
1, 19,22,25,67,74,89
1, 39,50,51,64,72,81
1, 9,69,70,72,77,81
1, 8,26,35,43,55,67
1, 26,31,50,71,85,87
1, 24,30,36,42,71,86
1, 6,9,54,70,78,79
1, 1,3,8,38,83,88
1, 15,29,50,57,79,88
1, 27,42,45,62,74,87
1, 6,7,11,19,34,49
1, 23,38,43,46,60,75
1, 9,27,32,51,53,71
1, 2,11,40,60,73,82
1, 13,25,45,70,78,88
1, 14,28,37,47,53,57
1, 2,45,55,77,84,88
1, 18,49,60,64,80,84
1, 6,32,35,43,53,69
1, 11,15,16,43,49,84
1, 1,23,27,33,37,85
1, 61,64,74,75,80,87
1, 20,22,33,44,50,74
1, 20,25,30,45,75,79
1, 30,41,55,68,76,82
1, 9,37,41,46,65,79
1, 20,24,31,38,54,72
1, 17,55,66,81,86,89
1, 1,9,12,14,58,84
1, 1,7,19,65,67,74
1, 19,56,73,84,85,86
1, 1,43,45,48,83,90
1, 3,11,19,28,52,87
1, 25,55,60,69,77,81
1, 13,25,54,56,57,58
1, 6,15,47,71,75,86
1, 5,38,56,76,77,89
1, 36,43,47,49,84,89
1, 20,39,56,64,66,85
1, 17,48,52,64,86,87
1, 4,62,67,69,70,84
1, 2,4,25,29,30,52
1, 26,37,53,81,86,90
1, 4,22,37,43,63,80
1, 20,31,44,51,65,74
1, 8,9,17,33,80,86
1, 13,16,20,21,25,65
1, 14,25,39,50,72,89
1, 15,51,63,79,83,90
1, 18,20,22,76,82,84
1, 1,11,40,50,53,80
1, 20,32,37,44,75,88
1, 4,7,22,27,39,88
1, 4,23,28,60,64,65
1, 18,29,32,55,79,82
1, 6,7,14,53,54,85
1, 2,8,55,66,73,83
1, 2,8,13,39,47,89
1, 10,21,35,40,63,79
1, 16,20,36,39,42,51
1, 43,45,46,47,69,90
1, 3,21,42,49,64,85
1, 1,11,21,50,67,75
1, 14,31,37,49,74,78
1, 3,15,23,33,46,78
1, 58,61,70,78,84,87
1, 56,71,75,78,81,85
1, 35,44,62,74,82,90
1, 8,12,47,64,83,88
1, 3,21,32,48,59,68
1, 20,21,24,43,76,89
1, 16,25,28,30,39,51
1, 7,14,42,43,56,57
1, 15,23,45,70,81,82
1, 1,12,67,75,81,90
1, 4,12,21,39,59,83
1, 4,8,12,44,77,88
1, 1,9,13,29,71,83
1, 2,6,18,20,49,83
1, 20,25,51,59,77,88
1, 16,41,46,53,86,87
1, 15,29,36,48,74,83
1, 4,39,56,59,65,78
1, 13,18,22,56,67,72
1, 2,23,36,62,75,79
1, 48,50,80,81,84,87
1, 4,18,24,49,66,81
1, 21,29,50,55,67,73
1, 2,17,21,49,69,74
1, 17,24,34,48,61,87
1, 23,26,32,52,71,75
1, 8,9,11,14,79,90
1, 17,22,45,48,53,61
1, 26,48,52,61,75,79
1, 5,9,53,57,61,84
1, 2,14,32,43,44,55
1, 1,12,21,36,40,84
1, 17,29,35,45,76,84
1, 13,15,18,49,65,73
1, 14,46,49,60,77,86
1, 19,54,55,71,80,84
1, 1,13,24,39,44,45
1, 18,21,36,38,45,62
1, 1,8,21,30,81,86
1, 5,6,32,61,67,85
1, 15,22,37,64,88,90
1, 59,66,69,72,73,80
1, 14,35,36,47,58,69
1, 2,15,35,54,60,78
1, 2,25,50,63,76,85
1, 3,4,15,21,61,67
1, 2,23,48,57,63,89
1, 1,10,35,57,67,78
1, 7,34,49,51,58,86
1, 12,20,55,79,81,82
1, 14,39,50,56,72,89
1, 3,13,33,42,56,85
1, 8,9,52,77,82,86
1, 22,42,52,55,62,74
1, 9,13,16,17,34,57
1, 16,27,43,46,62,85
1, 21,30,35,36,83,89
1, 4,9,22,23,47,73
1, 15,21,58,80,82,86
1, 13,31,32,57,60,79
1, 18,36,47,62,75,80
1, 8,24,45,47,72,84
1, 9,22,26,67,71,89
1, 44,56,63,71,79,90
1, 13,19,32,39,44,61
1, 19,42,45,51,62,88
1, 9,14,21,55,66,90
1, 11,17,35,42,71,76
1, 4,23,25,30,34,57
1, 19,22,23,28,41,74
1, 9,24,39,48,69,75
1, 13,33,47,48,70,85
1, 20,68,70,71,72,81
1, 18,23,24,35,48,82
1, 52,59,63,72,75,87
1, 45,64,73,80,81,85
1, 31,39,53,56,68,90
1, 11,15,58,66,74,79
1, 9,47,59,73,79,88
1, 1,7,21,49,84,87
1, 2,34,42,43,58,76
1, 29,32,39,43,66,73
1, 19,22,49,65,70,87
1, 5,19,43,44,73,77
1, 3,41,64,65,74,90
1, 5,6,28,61,77,87
1, 29,33,34,64,65,87
1, 14,18,54,63,70,87
1, 31,39,41,53,67,83
1, 11,67,72,74,75,77
1, 4,11,13,42,54,75
1, 3,4,17,20,23,54
1, 7,21,44,53,59,64
1, 8,25,31,65,87,90
1, 12,36,45,67,77,88
1, 21,25,47,62,79,87
1, 1,13,18,41,68,84
1, 14,37,48,50,65,66
1, 7,20,29,55,71,81
1, 16,19,31,46,69,74
1, 1,14,68,70,75,83
1, 37,51,58,62,63,86
1, 13,30,38,48,50,77
1, 9,10,26,53,68,72
1, 15,30,62,63,67,74
1, 9,25,35,59,76,81
1, 4,16,35,57,69,88
1, 9,25,48,61,73,82
1, 9,32,42,55,71,90
1, 9,22,36,47,69,85
1, 34,39,57,62,79,83
1, 4,32,34,56,61,82
1, 1,52,70,73,83,89
1, 5,35,49,52,65,89
1, 3,32,37,42,43,89
1, 16,21,30,35,57,78
1, 13,42,57,61,63,82
1, 3,23,61,82,83,88
1, 20,22,24,25,48,79
1, 1,13,21,25,61,63
1, 2,19,43,49,77,82
1, 41,51,54,63,66,69
1, 9,11,17,20,33,75
1, 6,28,55,57,78,83
1, 8,10,20,40,80,85
1, 36,48,70,77,82,88
1, 6,42,68,70,75,87
1, 7,32,44,47,65,79
1, 27,30,35,39,49,69
1, 6,20,25,45,56,60
1, 22,39,54,63,68,73
1, 40,42,57,62,67,88
1, 11,45,50,54,57,62
1, 9,11,40,48,68,84
1, 10,26,50,55,62,81
1, 5,27,30,31,34,86
1, 17,35,41,81,82,86
1, 2,49,56,76,86,89
1, 5,12,40,61,63,88
1, 27,32,37,70,82,88
1, 14,23,24,41,71,73
1, 24,37,64,81,84,90
1, 8,16,33,64,68,82
1, 3,7,14,45,68,70
1, 13,21,70,71,72,85
1, 17,32,33,50,61,82
1, 10,17,21,35,36,76
1, 2,3,37,38,58,59
1, 2,8,30,74,76,88
1, 38,58,61,64,82,87
1, 11,21,22,50,59,63
1, 8,17,30,61,78,88
1, 18,31,62,64,72,77
1, 24,26,31,39,49,81
1, 8,14,23,25,45,69
1, 1,9,37,69,71,83
1, 11,39,63,64,74,88
1, 10,20,24,38,49,87
1, 7,13,49,71,80,88
1, 4,5,11,15,20,46
1, 1,18,30,34,65,75
1, 18,22,31,54,71,80
1, 14,26,31,40,58,68
1, 16,32,35,45,72,77
1, 21,38,41,43,52,77
1, 15,43,48,54,55,76
1, 20,25,51,59,84,90
1, 25,60,64,71,75,85
1, 4,45,59,77,78,79
1, 4,18,26,47,61,80
1, 23,35,36,51,59,80
1, 13,18,24,50,58,66
1, 4,5,22,48,53,86
1, 2,18,35,53,60,66
1, 1,12,17,65,70,90
1, 15,29,30,68,79,85
1, 23,45,54,61,69,75
1, 25,28,44,52,87,89
1, 1,21,63,70,79,84
1, 1,47,54,81,84,89
1, 5,13,20,32,38,59
1, 4,12,35,61,66,84
1, 8,9,19,48,51,81
1, 5,22,34,61,62,77
1, 12,23,29,48,52,78
1, 4,9,69,74,76,85
1, 7,19,27,51,63,86
1, 10,12,15,51,66,68
1, 16,17,52,60,80,81
1, 6,12,18,22,25,82
1, 3,15,49,65,70,72
1, 2,51,55,57,61,82
1, 19,21,30,59,61,89
1, 16,20,29,31,38,45
1, 8,30,64,69,80,88
1, 37,43,49,66,73,88
1, 2,12,19,25,31,76
1, 3,27,54,65,81,83
1, 17,27,29,31,44,46
1, 15,33,41,48,52,56
1, 22,32,34,70,78,90
1, 3,16,37,56,58,79
1, 1,29,35,38,45,51
1, 16,30,68,75,83,86
1, 7,30,45,50,55,74
1, 1,13,37,53,62,71
1, 14,22,27,28,34,66
1, 21,22,46,56,63,66
1, 23,52,71,74,78,86
1, 3,17,35,52,69,83
1, 20,24,39,63,65,70
1, 11,18,27,37,65,72
1, 14,34,35,37,41,61
1, 40,46,51,61,65,76
1, 11,31,38,50,59,62
1, 20,27,40,60,61,66
1, 1,15,22,33,42,80
1, 5,30,32,35,55,87
1, 7,31,33,78,86,87
1, 29,32,36,72,77,82
1, 3,12,26,47,54,87
1, 10,28,53,64,76,79
1, 5,7,11,67,70,85
1, 3,4,8,28,77,86
1, 14,15,34,55,59,81
1, 9,12,21,34,64,67
1, 4,5,55,77,80,81
1, 34,56,61,62,70,77
1, 13,17,25,55,64,85
1, 9,10,36,67,76,83
1, 27,30,69,75,81,83
1, 16,22,35,41,53,62
1, 5,20,29,41,56,86
1, 1,2,33,62,68,79
1, 23,29,42,44,59,82
1, 6,9,24,49,78,79
1, 7,8,53,72,82,84
1, 8,44,54,58,59,86
1, 26,34,68,82,83,87
1, 2,16,17,65,69,72
1, 8,12,18,31,32,85
1, 2,46,49,56,82,84
1, 1,13,37,53,62,63
1, 42,44,45,47,72,79
1, 4,12,24,61,73,75
1, 3,9,41,69,74,79
1, 6,11,34,51,59,82
1, 33,37,48,65,83,84
1, 17,38,42,50,68,86
1, 6,36,37,59,61,62
1, 8,16,33,64,71,86
1, 5,18,24,51,55,74
1, 16,23,40,62,79,88
1, 6,7,45,46,67,85
1, 14,20,24,36,40,81
1, 15,45,62,63,80,82
1, 13,16,28,32,71,85
1, 29,61,62,69,80,85
1, 6,15,41,57,81,83
1, 8,42,45,59,68,88
1, 9,37,39,40,42,86
1, 4,61,63,79,84,85
1, 2,17,25,50,52,84
1, 6,16,40,61,64,82
1, 5,8,37,77,79,90
1, 32,33,37,43,44,79
1, 36,45,46,47,74,75
1, 27,35,54,61,83,89
1, 5,22,35,38,74,82
1, 36,38,54,56,75,85
1, 3,9,17,38,54,62
1, 15,31,38,47,55,82
1, 1,32,37,63,67,69
1, 15,25,50,64,80,89
1, 27,33,44,56,63,85
1, 12,26,70,74,84,87
1, 24,26,43,71,79,80
1, 3,6,34,49,79,83
1, 22,25,55,58,82,85
1, 25,39,74,76,85,88
1, 8,19,30,32,52,75
1, 2,12,17,60,63,78
1, 4,18,24,29,41,59
1, 15,16,17,57,60,63
1, 14,32,47,48,63,79
1, 1,47,66,67,78,90
1, 32,34,37,49,52,68
1, 32,38,55,58,66,85
1, 8,9,23,34,64,89
1, 6,35,53,67,75,89
1, 32,35,57,74,79,84
1, 1,30,60,70,74,77
1, 1,3,4,60,70,73
1, 19,30,52,66,70,82
1, 4,47,53,55,71,73
1, 3,8,13,28,50,61
1, 22,62,68,73,75,87
1, 19,33,45,55,82,84
1, 25,35,52,55,60,68
1, 6,26,56,65,69,82
1, 2,25,26,41,55,75
1, 1,5,32,49,69,72
1, 10,17,41,45,69,78
1, 7,25,30,44,47,68
1, 17,20,38,51,53,74
1, 1,4,32,35,36,87
1, 28,38,59,60,71,83
1, 6,44,66,68,77,86
1, 9,11,33,69,73,82
1, 12,30,35,44,49,62
1, 6,20,27,31,32,36
1, 1,41,48,49,84,87
1, 3,15,31,36,43,82
1, 11,13,25,62,76,80
1, 27,38,70,75,78,82
1, 10,21,40,46,79,84
1, 45,50,65,67,78,79
1, 10,30,57,64,72,75
1, 3,11,43,50,85,88
1, 2,20,21,40,45,65
1, 4,33,67,71,81,82
1, 15,33,45,60,72,85
1, 15,18,21,57,59,61
1, 1,27,33,36,43,86
1, 5,15,66,67,82,84
1, 5,19,40,51,85,87
1, 54,58,72,73,82,86
1, 23,30,32,41,48,64
1, 10,18,26,39,62,68
1, 32,34,40,45,65,71
1, 6,18,34,43,58,80
1, 1,8,26,41,70,84
1, 15,27,30,34,75,80
1, 2,10,19,36,78,90
1, 7,20,25,51,65,87
1, 10,22,34,43,62,68
1, 19,30,32,39,47,71
1, 28,29,30,39,75,87
1, 25,51,53,72,77,81
1, 23,32,34,72,80,83
1, 7,36,38,63,73,90
1, 5,23,35,54,56,62
1, 16,20,43,77,78,84
1, 38,50,63,65,84,88
1, 7,58,61,62,73,74
1, 10,19,20,39,85,87
1, 6,27,50,57,77,80
1, 21,37,41,45,60,71
1, 2,3,10,15,31,61
1, 13,16,25,45,47,55
1, 17,34,35,56,65,85
1, 31,63,64,68,69,71
1, 22,42,50,53,78,83
1, 2,40,47,54,66,83
1, 30,54,66,67,76,90
1, 34,36,44,50,71,80
1, 3,6,7,30,67,89
1, 8,21,25,54,84,85
1, 29,40,52,59,71,84
1, 4,13,15,20,32,41
1, 6,9,21,24,30,47
1, 8,27,34,42,83,88
1, 2,28,43,57,79,90
1, 15,36,49,62,75,82
1, 8,10,15,42,48,51
1, 14,43,46,65,71,82
1, 9,14,33,38,46,87
1, 14,17,56,59,69,88
1, 3,6,12,13,19,67
1, 13,15,36,78,82,86
1, 34,43,44,45,53,58
1, 44,50,57,81,83,90
1, 13,19,60,61,83,90
1, 4,7,25,74,82,87
1, 2,6,11,62,70,71
1, 8,10,39,60,77,84
1, 15,25,31,39,82,88
1, 10,25,34,79,85,86
1, 19,22,31,38,87,89
1, 2,38,47,50,55,79
1, 18,20,46,54,57,65
1, 3,4,16,36,74,89
1, 25,33,37,47,48,79
1, 16,24,37,38,69,78
1, 18,21,28,35,41,85
1, 2,12,16,20,24,79
1, 3,22,31,42,73,88
1, 9,19,21,50,61,82
1, 35,44,57,58,87,88
1, 12,35,75,76,82,84
1, 17,20,22,40,52,62
1, 6,27,42,49,82,86
1, 1,6,60,61,69,86
1, 30,37,47,72,85,87
1, 7,29,36,50,56,75
1, 3,33,62,69,75,79
1, 9,17,67,68,80,81
1, 17,44,49,60,66,81
1, 9,26,29,31,58,70
1, 8,43,53,69,74,79
1, 1,10,17,31,58,80
1, 27,33,40,52,76,86
1, 17,21,40,55,64,79
1, 18,26,29,78,79,80
1, 31,39,55,58,85,87
1, 10,14,15,34,75,88
1, 7,41,48,54,72,88
1, 31,42,49,51,68,79
1, 4,36,41,49,56,82
1, 8,49,50,65,66,69
1, 13,59,63,75,85,87
1, 13,22,40,41,51,86
1, 11,18,30,59,76,77
1, 18,37,49,71,76,78
1, 8,22,28,36,74,85
1, 2,4,12,40,50,80
1, 49,54,55,62,66,88
1, 13,15,19,21,82,86
1, 15,18,28,49,51,77
1, 6,39,40,41,50,54
1, 15,20,36,69,74,87
1, 41,43,52,59,73,82
1, 14,62,69,70,86,88
1, 8,19,25,73,76,84
1, 11,18,55,77,81,85
1, 8,17,35,61,78,89
1, 14,16,21,24,62,78
1, 5,8,11,47,56,63
1, 11,14,17,24,39,48
1, 15,43,45,66,74,87
1, 12,35,40,59,78,80
1, 27,32,33,52,73,84
1, 34,63,70,77,83,90
1, 4,10,29,41,54,74
1, 1,17,31,39,49,71
1, 7,9,12,37,86,90
1, 1,19,20,56,60,83
1, 1,20,44,56,59,69
1, 16,37,48,68,84,90
1, 13,19,35,38,52,64
1, 9,15,19,38,48,77
1, 4,12,13,55,73,86
1, 27,35,41,46,49,86
1, 28,31,48,56,72,78
1, 25,33,41,51,66,76
1, 2,21,24,27,42,68
1, 6,27,34,55,62,87
1, 11,13,27,47,82,84
1, 1,25,60,67,87,88
1, 4,11,16,25,34,59
1, 5,13,56,65,78,82
1, 1,13,17,29,54,63
1, 29,34,37,55,62,78
1, 14,21,27,49,82,83
1, 2,7,16,26,34,80
1, 28,29,33,35,65,80
1, 9,30,50,57,62,70
1, 5,16,33,48,57,87
1, 2,27,36,39,53,79
1, 3,31,45,48,71,76
1, 17,42,52,71,74,90
1, 18,21,58,65,89,90
1, 1,12,21,31,39,49
1, 7,31,38,57,84,87
1, 16,21,24,60,66,79
1, 8,44,47,60,66,77
1, 1,2,4,44,75,80
1, 13,22,36,64,80,84
1, 33,37,41,56,65,82
1, 3,6,44,60,84,86
1, 8,27,29,38,64,82
1, 8,31,33,38,66,77
1, 14,16,24,30,34,72
1, 8,12,26,44,48,50
1, 8,25,33,48,58,90
1, 21,22,52,59,65,76
1, 13,30,60,67,84,86
1, 24,51,58,61,74,77
1, 4,10,24,59,72,83
1, 10,22,27,34,56,85
1, 12,14,27,35,73,88
1, 10,15,46,51,65,75
1, 16,26,30,52,57,83
1, 18,26,44,51,63,90
1, 3,37,40,49,53,83
1, 8,17,51,60,63,79
1, 6,44,63,64,72,82
1, 4,15,39,41,49,68
1, 1,8,26,33,47,70
1, 26,27,39,55,59,63
1, 8,38,47,63,71,84
1, 19,30,34,49,54,74
1, 36,37,50,57,73,83
1, 30,36,39,68,71,80
1, 6,37,53,60,66,72
1, 1,4,48,53,61,85
1, 17,21,23,51,65,87
1, 22,26,51,63,64,73
1, 13,27,46,68,79,83
1, 26,29,40,50,54,72
1, 14,23,29,44,48,74
1, 7,8,25,46,65,78
1, 19,21,38,45,51,69
1, 10,17,51,54,62,65
1, 7,24,40,56,79,85
1, 43,71,80,84,88,89
1, 11,20,50,62,70,85
1, 2,3,35,41,48,88
1, 2,5,28,36,69,81
1, 21,25,31,44,49,52
1, 1,15,16,23,24,52
1, 7,19,39,42,56,57
1, 33,46,53,58,73,85
1, 3,31,33,37,52,54
1, 19,33,35,42,49,83
1, 12,26,45,75,82,84
1, 19,21,36,55,77,87
1, 9,33,34,52,82,83
1, 1,61,66,70,78,81
1, 3,42,52,67,78,86
1, 3,28,37,42,67,86
1, 7,13,16,42,67,68
1, 5,27,36,40,46,64
1, 11,19,26,58,67,89
1, 4,35,41,66,77,89
1, 8,29,38,53,77,80
1, 20,21,63,71,75,79
1, 3,34,62,63,72,73
1, 17,41,45,81,82,88
1, 10,11,43,54,61,83
1, 26,51,52,54,70,88
1, 3,8,21,33,46,86
1, 7,17,30,56,68,80
1, 6,15,18,23,53,62
1, 11,24,34,39,68,86
1, 40,60,68,72,84,89
1, 17,41,44,57,73,86
1, 16,37,42,46,60,64
1, 17,20,21,39,44,89
1, 25,28,34,44,57,80
1, 12,16,24,48,53,58
1, 33,57,63,65,78,88
1, 28,36,42,70,74,78
1, 11,19,37,41,62,77
1, 11,29,39,41,43,55
1, 30,46,54,56,72,86
1, 11,31,44,64,83,89
1, 6,8,49,60,72,74
1, 16,22,36,40,62,75
1, 1,13,24,26,29,77
1, 22,26,29,37,75,76
1, 2,23,46,48,55,63
1, 12,15,33,60,79,88
1, 25,34,38,69,83,86
1, 4,24,29,31,39,71
1, 40,43,46,57,77,82
1, 5,30,36,63,84,85
1, 18,30,40,64,88,89
1, 14,26,47,63,78,80
1, 20,23,42,70,80,90
1, 29,37,42,52,54,59
1, 7,10,35,64,77,89
1, 12,26,34,42,48,63
1, 11,33,59,68,84,85
1, 24,33,54,69,79,86
1, 25,31,43,61,63,86
1, 5,9,50,80,82,88
1, 5,21,23,41,74,84
1, 15,25,26,33,41,62
1, 4,11,29,34,86,88
1, 3,17,33,51,77,87
1, 5,36,51,55,69,79
1, 12,19,38,43,52,85
1, 1,10,23,40,68,75
1, 2,25,28,31,46,59
1, 16,23,55,83,86,89
1, 20,29,39,54,57,71
1, 7,18,27,33,35,43
1, 1,26,49,74,82,87
1, 6,14,39,47,63,82
1, 42,64,79,84,87,89
1, 9,16,31,43,49,83
1, 15,22,38,62,83,86
1, 6,34,43,60,71,73
1, 16,26,31,67,74,82
1, 39,52,69,70,74,82
1, 11,20,48,52,70,74
1, 16,21,59,70,71,83
1, 23,44,46,59,74,80
1, 12,34,35,50,63,88
1, 10,11,21,54,73,82
1, 3,4,13,16,59,70
1, 13,54,56,67,82,90
1, 28,46,65,70,77,86
1, 4,5,11,26,34,36
1, 5,31,57,66,81,85
1, 9,19,68,70,71,81
1, 1,8,40,54,69,81
1, 8,29,33,47,52,56
1, 3,9,35,65,80,84
1, 6,29,56,72,82,83
1, 8,16,41,52,64,74
1, 16,51,57,64,72,90
1, 38,44,46,55,67,85
1, 7,15,33,40,51,64
1, 12,24,53,66,74,83
1, 7,32,43,50,68,73
1, 4,6,25,32,73,83
1, 3,34,37,55,82,90
1, 3,49,68,73,76,80
1, 4,19,51,57,66,89
1, 6,7,37,67,80,87
1, 2,3,38,42,56,74
1, 3,7,12,20,48,55
1, 6,9,21,69,77,78
1, 11,18,37,52,62,77
1, 28,37,52,57,64,66
1, 3,14,49,52,65,81
1, 5,13,22,25,43,50
1, 14,18,32,33,46,88
1, 38,39,46,58,66,83
1, 11,49,53,65,77,89
1, 10,11,46,80,83,88
1, 1,21,30,61,73,84
1, 25,32,36,46,57,58
1, 20,35,45,47,72,78
1, 21,40,57,60,61,68
1, 1,10,26,62,71,90
1, 3,12,25,33,59,85
1, 17,20,63,78,82,85
1, 2,11,15,39,84,87
1, 34,54,72,76,79,85
1, 16,17,26,28,37,85
1, 6,31,69,70,76,85
1, 18,21,28,62,84,90
1, 13,21,24,39,44,60
1, 20,67,71,81,84,88
1, 9,12,20,55,69,81
1, 7,14,21,47,58,71
1, 21,35,51,68,81,90
1, 21,22,34,55,56,74
1, 7,9,31,41,67,68
1, 1,16,18,43,47,78
1, 3,5,11,34,43,49
1, 20,48,50,58,65,78
1, 6,9,37,67,83,88
1, 30,32,49,68,71,85
1, 1,33,41,78,83,84
1, 11,14,15,30,68,81
1, 1,36,42,71,72,88
1, 26,60,61,72,85,88
1, 24,25,33,42,57,89
1, 9,11,39,44,49,86
1, 1,26,45,58,66,88
1, 34,36,47,64,73,78
1, 5,28,48,53,75,88
1, 3,10,28,71,81,88
1, 22,38,46,47,77,86
1, 42,70,74,78,82,87
1, 8,22,31,39,58,63
1, 15,35,45,69,82,84
1, 13,16,45,58,63,72
1, 3,6,7,53,65,90
1, 10,17,18,25,45,84
1, 6,50,67,69,77,88
1, 12,23,52,69,75,85
1, 2,15,63,65,68,78
1, 1,2,5,27,39,49
1, 6,10,38,48,49,65
1, 4,14,15,19,76,85
1, 9,28,33,38,50,55
1, 18,24,45,58,62,80
1, 38,46,63,82,83,87
1, 8,19,23,37,65,77
1, 35,49,68,71,82,85
1, 2,4,11,37,62,75
1, 15,37,43,51,61,89
1, 1,7,10,23,66,88
1, 4,13,19,30,53,81
1, 14,18,48,52,64,75
1, 17,31,42,43,55,72
1, 13,28,39,45,68,81
1, 16,45,51,58,60,71
1, 2,13,22,53,60,85
1, 2,11,23,31,40,86
1, 34,42,58,60,82,83
1, 2,4,13,23,28,68
1, 2,28,37,56,77,79
1, 4,22,27,45,58,86
1, 10,13,50,59,64,78
1, 5,7,68,71,75,85
1, 15,25,26,53,74,76
1, 10,41,53,62,65,76
1, 5,14,48,52,57,90
1, 26,36,56,68,73,81
1, 3,47,63,66,67,69
1, 1,4,12,14,66,78
1, 5,7,20,38,57,85
1, 52,62,65,77,87,90
1, 2,29,36,72,82,90
1, 10,21,43,47,58,85
1, 12,22,27,37,52,87
1, 13,22,31,54,55,87
1, 13,64,68,84,89,90
1, 9,33,36,54,60,86
1, 2,7,12,31,38,71
1, 6,18,20,34,72,90
1, 15,37,46,52,64,89
1, 5,6,29,43,66,74
1, 29,30,61,65,73,81
1, 30,38,46,47,62,67
1, 3,7,17,26,55,72
1, 38,50,58,80,85,90
1, 10,12,38,57,72,84
1, 3,14,35,63,73,80
1, 2,6,7,51,57,71
1, 6,35,38,48,58,76
1, 7,14,26,34,45,77
1, 12,27,38,43,65,67
1, 19,48,61,73,81,83
1, 14,17,23,45,87,88
1, 18,21,76,79,80,84
1, 21,28,56,63,68,88
1, 8,10,16,21,39,65
1, 3,23,25,44,74,89
1, 6,59,77,81,82,88
1, 4,6,61,63,65,72
1, 19,38,48,54,71,84
1, 6,28,32,39,57,85
1, 35,38,60,68,74,86
1, 14,15,54,77,80,82
1, 1,8,22,28,64,77
1, 41,47,49,55,77,90
1, 17,20,26,41,45,89
1, 8,14,30,31,35,76
1, 8,14,41,55,83,85
1, 1,4,22,24,38,46
1, 18,31,47,59,75,80
1, 12,30,36,44,54,60
1, 5,9,23,40,57,68
1, 7,18,46,74,82,90
1, 1,6,43,46,61,83
1, 13,30,47,66,74,81
1, 3,12,22,65,77,84
1, 13,24,26,34,76,77
1, 4,59,68,72,74,87
1, 15,23,35,38,69,89
1, 10,19,48,78,85,90
1, 2,13,22,37,48,90
1, 16,21,33,42,52,66
1, 12,23,46,54,78,90
1, 1,21,34,44,49,90
1, 2,3,4,27,34,42
1, 3,22,29,54,75,84
1, 15,26,29,77,81,90
1, 12,21,49,51,56,74
1, 24,35,39,48,82,85
1, 29,31,41,44,64,73
1, 6,55,61,65,78,89
1, 5,11,13,55,66,71
1, 7,23,28,50,80,87
1, 9,12,19,39,82,86
1, 3,18,19,65,81,88
1, 17,52,55,65,82,90
1, 19,32,54,59,68,86
1, 6,11,21,65,66,85
1, 11,13,25,59,61,87
1, 5,13,28,30,42,63
1, 3,17,48,76,77,90
1, 23,25,30,44,51,68
1, 37,38,43,69,79,86
1, 21,36,38,72,79,82
1, 2,41,63,64,67,73
1, 19,28,48,52,82,89
1, 28,33,42,54,76,79
1, 1,7,42,49,77,88
1, 9,12,13,30,48,86
1, 1,2,14,23,78,88
1, 25,28,29,54,74,88
1, 4,5,18,35,40,90
1, 9,15,27,54,76,86
1, 4,19,31,51,56,57
1, 12,41,42,44,80,86
1, 29,82,83,84,87,89
1, 1,31,54,80,81,85
1, 17,23,33,44,46,69
1, 7,52,57,65,83,85
1, 4,12,15,37,53,83
1, 8,39,40,57,69,81
1, 2,9,13,34,46,63
1, 3,4,22,43,65,67
1, 7,24,30,59,66,89
1, 6,21,29,43,80,89
1, 11,29,56,63,88,90
1, 9,15,22,56,61,86
1, 46,49,50,57,68,69
1, 7,32,49,55,61,83
1, 16,26,48,61,63,87
1, 6,13,17,49,51,83
1, 5,39,61,75,79,90
1, 8,16,25,28,57,68
1, 23,25,43,50,51,61
1, 31,34,52,54,78,82
1, 3,9,14,55,62,83
1, 25,39,43,46,59,67
1, 11,30,51,54,88,90
1, 17,19,40,43,72,84
1, 1,28,34,42,49,77
1, 34,69,70,73,82,90
1, 1,28,29,68,84,85
1, 31,37,45,52,74,83
1, 17,51,67,70,82,86
1, 6,29,54,62,72,80
1, 38,40,41,69,76,81
1, 29,32,35,49,69,71
1, 3,32,39,65,75,76
1, 30,45,66,69,75,80
1, 28,33,49,55,59,76
1, 27,32,55,65,76,86
1, 20,45,59,75,84,90
1, 13,16,22,30,52,87
1, 24,26,33,36,38,73
1, 10,21,30,45,55,57
1, 3,6,21,24,37,48
1, 57,66,68,70,74,86
1, 20,24,26,33,42,80
1, 8,18,26,36,41,52
1, 12,24,40,42,70,84
1, 51,57,58,69,86,89
1, 31,43,67,69,76,80
1, 14,24,33,41,53,82
1, 15,16,34,74,85,87
1, 14,20,40,58,68,84
1, 23,35,44,49,66,84
1, 4,11,15,26,58,68
1, 13,27,40,46,70,84
1, 3,25,39,50,53,67
1, 8,25,28,57,71,72
1, 9,12,28,71,82,85
1, 24,35,37,63,81,85
1, 6,15,21,27,49,85
1, 2,32,49,52,54,80
1, 19,26,28,45,86,88
1, 12,24,26,50,65,69
1, 3,46,64,71,78,87
1, 15,46,47,67,73,90
1, 38,39,46,74,85,89
1, 17,41,42,43,66,76
1, 25,37,43,50,58,60
1, 12,18,43,47,50,83
1, 6,15,16,50,62,82
1, 3,6,20,46,50,80
1, 15,19,25,33,40,68
1, 22,39,51,78,83,84
1, 34,37,38,39,59,90
1, 1,7,38,58,62,78
1, 13,26,30,34,83,86
1, 8,13,24,39,57,77
1, 1,20,21,27,44,75
1, 28,52,57,71,81,87
1, 7,29,57,60,79,87
1, 2,16,19,47,49,57
1, 28,35,36,62,66,70
1, 15,23,59,65,78,82
1, 15,17,25,31,85,87
1, 9,36,52,76,77,90
1, 11,21,53,62,63,68
1, 52,55,65,75,79,81
1, 10,14,18,22,48,68
1, 6,21,37,55,84,88
1, 9,17,37,51,70,78
1, 37,42,47,49,53,63
1, 15,17,47,53,64,80
1, 2,21,33,38,45,46
1, 23,32,33,55,84,90
1, 18,28,34,46,66,82
1, 43,45,80,81,83,86
1, 19,22,44,61,66,75
1, 6,18,36,75,81,83
1, 5,33,47,61,64,70
1, 14,17,38,58,60,81
1, 19,25,49,53,81,84
1, 14,22,24,34,60,85
1, 29,40,57,67,76,79
1, 40,42,54,66,77,86
1, 12,13,38,46,47,72
1, 2,19,22,46,51,54
1, 41,50,54,60,75,88
1, 22,36,65,72,82,86
1, 15,17,53,67,75,81
1, 37,60,64,73,80,84
1, 13,14,56,58,79,82
1, 17,38,48,51,55,62
1, 13,18,23,29,58,88
1, 16,29,32,40,48,70
1, 2,11,37,45,48,66
1, 22,35,36,44,74,75
1, 26,47,49,66,86,88
1, 4,7,12,20,74,89
1, 24,40,53,60,63,68
1, 1,3,5,41,62,76
1, 45,60,67,69,70,87
1, 27,35,47,48,59,79
1, 6,17,31,33,43,66
1, 10,11,13,37,81,84
1, 10,34,44,49,62,79
1, 3,13,39,40,49,75
1, 1,32,37,68,81,88
1, 18,54,62,80,88,90
1, 6,24,55,67,70,75
1, 18,45,47,56,77,78
1, 15,37,38,57,76,87
1, 25,33,64,67,68,73
1, 2,3,9,30,33,56
1, 14,21,34,37,66,73
1, 9,15,25,40,44,71
1, 2,27,33,47,53,86
1, 21,30,32,41,47,67
1, 2,17,60,77,85,86
1, 48,59,65,69,84,90
1, 18,47,55,64,74,89
1, 18,54,56,58,62,66
1, 4,8,38,60,82,89
1, 9,23,36,66,67,77
1, 2,6,26,42,55,86
1, 29,30,38,54,66,78
1, 6,21,41,72,73,80
1, 8,28,44,57,85,88
1, 12,18,47,63,75,81
1, 16,29,38,62,72,84
1, 5,17,44,62,80,88
1, 24,27,38,40,56,81
1, 2,57,62,63,73,87
1, 9,16,22,25,26,70
1, 27,29,58,64,67,80
1, 6,20,25,42,57,80
1, 1,49,51,60,83,84
1, 24,30,42,54,84,85
1, 1,34,42,50,70,72
1, 9,25,37,73,80,81
1, 12,32,48,68,70,85
1, 2,4,25,34,61,66
1, 5,11,24,26,49,68
1, 12,19,51,61,62,90
1, 9,17,27,29,59,67
1, 3,9,30,58,60,88
1, 15,21,28,75,81,86
1, 20,28,56,62,63,76
1, 8,25,26,38,66,79
1, 6,25,34,72,76,82
1, 5,34,55,58,74,90
1, 10,23,47,63,70,81
1, 6,25,29,44,68,74
1, 32,35,44,58,82,90
1, 19,25,31,78,83,88
1, 4,6,19,40,60,79
1, 31,38,49,54,62,76
1, 6,8,15,52,67,86
1, 15,24,32,52,68,71
1, 32,42,55,74,78,88
1, 3,9,12,36,71,85
1, 8,38,39,52,64,70
1, 7,15,60,72,77,90
1, 12,20,26,41,70,78
1, 21,28,29,36,45,54
1, 13,28,36,45,59,65
1, 2,4,16,20,29,53
1, 15,25,26,32,51,61
1, 18,26,45,67,70,90
1, 23,32,33,47,63,81
1, 9,27,47,58,62,71
1, 1,7,22,72,79,82
1, 10,50,53,78,82,86
1, 4,16,17,52,62,67
1, 2,19,22,41,77,89
1, 19,32,33,66,75,78
1, 2,5,36,61,86,88
1, 2,16,38,67,70,84
1, 12,50,55,62,67,88
1, 22,31,63,76,78,79
1, 8,10,22,72,87,90
1, 36,38,40,51,53,71
1, 32,45,69,77,83,87
1, 11,17,20,36,57,72
1, 11,31,43,70,74,80
1, 6,9,42,48,81,87
1, 7,56,66,72,73,90
1, 4,19,32,58,73,87
1, 10,35,39,57,61,75
1, 3,4,7,44,52,89
1, 10,23,35,64,74,90
1, 2,11,17,33,79,87
1, 27,31,35,53,54,78
1, 18,28,31,33,55,78
1, 7,10,50,51,80,85
1, 3,45,49,53,58,77
1, 17,36,48,55,63,70
1, 19,36,44,46,51,89
1, 9,19,52,68,70,74
1, 9,16,48,70,75,77
1, 9,10,63,73,79,90
1, 14,18,34,48,49,74
1, 1,44,67,77,88,90
1, 8,24,52,73,84,86
1, 3,11,18,30,51,85
1, 4,47,76,78,81,86
1, 26,30,32,36,44,61
1, 15,17,34,59,83,86
1, 10,23,31,35,61,87
1, 5,11,44,57,86,90
1, 28,42,62,64,79,80
1, 11,16,21,62,70,84
1, 5,15,17,31,32,40
1, 10,11,35,42,52,89
1, 16,21,38,44,67,87
1, 4,14,16,44,76,77
1, 7,19,29,33,40,88
1, 16,47,55,57,70,85
1, 10,22,24,45,67,76
1, 16,36,54,55,63,69
1, 5,37,38,59,71,80
1, 1,17,30,43,67,82
1, 33,41,44,48,68,75
1, 6,32,50,57,59,61
1, 3,9,14,26,47,79
1, 6,34,45,46,59,73
1, 46,66,68,70,78,79
1, 27,32,55,68,72,75
1, 10,23,27,39,70,82
1, 11,61,64,76,82,87
1, 2,5,7,12,23,42
1, 2,3,49,51,63,79
1, 12,37,46,54,58,79
1, 1,6,32,50,51,81
1, 14,17,39,47,58,85
1, 25,37,54,63,70,76
1, 17,20,41,42,49,81
1, 39,55,62,77,82,88
1, 9,13,17,47,63,81
1, 24,46,57,73,79,81
1, 23,31,62,65,69,89
1, 22,23,24,59,63,81
1, 13,28,45,58,70,86
1, 3,26,39,41,56,61
1, 1,14,26,49,71,89
1, 6,20,58,59,65,88
1, 10,29,32,43,56,90
1, 24,45,49,63,78,83
1, 18,20,46,47,55,66
1, 24,27,35,43,64,88
1, 11,20,56,69,72,76
1, 28,57,61,69,78,83
1, 3,26,33,44,48,49
1, 26,28,55,61,62,85
1, 4,33,34,44,52,63
1, 3,5,51,55,82,83
1, 21,30,33,45,62,70
1, 10,28,40,57,58,78
1, 4,9,10,76,78,87
1, 22,28,32,57,58,85
1, 8,11,17,20,21,80
1, 2,41,62,75,79,87
1, 23,26,34,35,71,84
1, 16,49,59,67,71,82
1, 12,23,48,70,85,86
1, 1,14,17,47,61,66
1, 7,30,40,58,75,79
1, 46,49,61,69,74,82
1, 1,4,25,44,82,89
1, 4,18,20,68,72,77
1, 7,44,48,51,64,83
1, 6,11,13,48,72,77
1, 14,17,62,75,76,85
1, 2,16,20,26,31,33
1, 12,32,54,63,64,85
1, 1,4,8,47,74,87
1, 2,16,42,67,75,87
1, 11,26,45,53,69,75
1, 36,61,75,81,82,89
1, 17,19,28,34,38,82
1, 32,45,56,74,87,89
1, 24,40,43,51,53,88
1, 6,13,41,71,75,86
1, 1,51,53,55,73,86
1, 1,3,29,63,72,85
1, 3,12,32,43,51,58
1, 28,33,39,40,80,89
1, 17,21,29,33,43,62
1, 22,43,56,71,77,83
1, 5,14,37,38,50,72
1, 8,48,65,72,83,88
1, 12,33,40,52,53,85
1, 2,14,17,21,22,26
1, 1,31,39,60,62,84
1, 19,25,31,56,82,90
1, 1,64,67,68,79,90
1, 6,36,49,51,52,76
1, 9,11,70,74,75,84
1, 1,4,10,24,55,90
1, 4,39,62,67,69,78
1, 1,6,11,27,65,80
1, 33,43,59,77,83,86
1, 1,16,22,54,73,76
1, 1,32,36,61,78,80
1, 16,18,20,26,32,35
1, 7,18,44,48,51,63
1, 33,40,44,54,64,85
1, 8,30,39,66,69,78
1, 1,16,17,31,42,70
1, 4,15,21,35,59,73
1, 1,4,14,41,44,82
1, 26,27,31,69,78,85
1, 10,13,21,36,66,69
1, 8,16,20,23,47,56
1, 6,17,23,55,56,68
1, 10,43,55,56,81,87
1, 6,36,52,68,80,81
1, 16,20,27,31,32,77
1, 5,55,68,69,70,76
1, 16,29,32,53,61,72
1, 7,14,15,17,57,66
1, 4,17,34,41,66,78
1, 15,36,39,50,57,76
1, 9,11,29,41,67,70
1, 18,19,36,39,58,88
1, 26,33,35,45,54,61
1, 4,26,34,66,67,81
1, 39,50,55,57,78,82
1, 11,25,36,49,53,85
1, 1,11,24,33,36,80
1, 4,5,29,58,71,84
1, 38,42,45,69,86,90
1, 16,37,49,52,53,82
1, 3,33,51,55,73,84
1, 11,34,55,63,87,89
1, 13,14,24,29,73,79
1, 19,22,46,49,72,85
1, 16,24,34,40,41,57
1, 19,26,30,47,69,81
1, 13,18,26,37,46,48
1, 8,51,52,60,83,88
1, 14,18,22,27,39,58
1, 14,19,20,26,79,82
1, 5,22,24,36,85,86
1, 12,14,19,38,41,45
1, 6,34,35,54,62,84
1, 29,42,49,52,53,67
1, 1,4,42,67,75,77
1, 17,25,32,42,71,85
1, 21,39,71,76,89,90
1, 4,31,52,73,76,84
1, 6,16,30,53,60,71
1, 22,29,57,72,85,89
1, 15,17,24,41,70,87
1, 3,5,16,54,58,68
1, 14,38,41,58,65,75
1, 7,21,36,38,77,79
1, 3,10,40,54,69,85
1, 14,47,48,58,60,69
1, 16,31,53,63,70,81
1, 22,26,58,60,67,88
1, 3,38,44,50,53,70
1, 12,20,22,39,55,72
1, 13,24,52,53,88,90
1, 21,25,36,51,82,90
1, 4,18,30,69,73,74
1, 10,26,32,41,42,54
1, 1,6,12,26,57,70
1, 7,15,17,18,26,53
1, 4,39,43,59,74,90
1, 20,53,55,61,64,74
1, 1,3,6,21,85,90
1, 4,6,8,14,21,28
1, 14,39,53,55,73,87
1, 28,32,45,61,63,76
1, 37,47,51,54,78,82
1, 2,8,43,48,60,67
1, 5,10,31,53,56,61
1, 12,25,30,33,38,84
1, 1,25,26,28,53,79
1, 4,19,47,60,73,84
1, 12,20,28,57,74,85
1, 5,22,49,63,65,66
1, 2,6,12,17,19,63
1, 17,29,63,66,70,89
1, 6,42,43,46,53,70
1, 1,2,26,31,42,64
1, 6,10,69,78,83,86
1, 33,38,47,67,68,81
1, 38,46,53,65,77,84
1, 12,29,43,56,60,75
1, 14,35,37,52,66,72
1, 30,41,47,71,79,86
1, 28,36,59,79,84,88
1, 1,17,46,58,67,75
1, 2,4,14,31,43,61
1, 1,11,20,66,69,88
1, 17,26,70,76,82,90
1, 12,25,49,53,67,73
1, 1,6,23,52,58,65
1, 8,14,36,71,74,87
1, 3,11,38,59,67,74
1, 15,37,40,47,64,81
1, 15,19,33,35,62,68
1, 22,27,29,49,69,87
1, 7,15,17,26,36,54
1, 50,62,68,70,74,80
1, 12,41,52,55,84,85
1, 50,53,66,69,70,90
1, 1,38,54,63,66,74
1, 28,44,51,72,81,90
1, 20,55,59,73,87,90
1, 6,33,35,64,66,77
1, 14,33,35,46,50,66
1, 10,29,53,73,78,83
1, 6,39,50,52,54,88
1, 5,7,20,25,38,59
1, 23,30,46,64,70,86
1, 40,55,64,65,70,85
1, 12,35,47,56,74,87
1, 3,36,53,64,80,90
1, 28,32,52,74,79,80
1, 65,72,74,79,87,90
1, 6,13,19,37,67,72
1, 8,26,32,40,62,88
1, 2,19,25,59,84,88
1, 1,9,32,56,71,79
1, 10,11,18,36,47,85
1, 16,29,39,49,59,64
1, 3,15,46,67,75,78
1, 11,44,56,81,83,87
1, 21,35,39,54,62,85
1, 18,22,23,57,60,69
1, 6,11,12,28,59,79
1, 18,28,40,63,68,86
1, 1,16,32,51,60,61
1, 9,17,20,32,35,56
1, 13,15,48,50,74,83
1, 10,37,44,56,60,89
1, 7,20,21,74,75,81
1, 6,7,13,35,56,87
1, 30,40,51,52,54,74
1, 4,35,48,57,69,90
1, 2,12,57,62,64,71
1, 22,34,53,59,62,88
1, 13,17,19,21,69,73
1, 5,27,37,63,67,77
1, 3,5,9,41,58,62
1, 1,14,38,77,80,89
1, 11,16,17,25,61,72
1, 25,60,62,76,82,87
1, 18,22,55,58,62,89
1, 5,27,30,58,78,82
1, 16,19,29,34,48,64
1, 8,11,17,27,62,84
1, 17,42,62,67,77,79
1, 27,41,44,50,68,73
1, 23,37,47,79,80,83
1, 12,41,45,51,66,77
1, 2,5,34,56,72,73
1, 4,41,43,51,85,89
1, 6,51,73,78,80,81
1, 26,54,55,73,86,90
1, 6,9,32,47,59,60
1, 5,35,38,75,82,86
1, 2,6,27,29,38,55
1, 1,2,4,19,26,89
1, 1,3,42,48,73,83
1, 25,45,63,71,74,88
1, 1,39,40,52,54,64
1, 32,48,50,55,58,86
1, 19,44,57,69,71,87
1, 16,19,24,36,39,81
1, 24,34,56,72,79,88
1, 14,18,38,41,74,78
1, 4,23,56,63,71,89
1, 1,21,29,40,63,70
1, 3,37,54,65,87,89
1, 3,9,42,50,56,88
1, 18,48,57,59,84,87
1, 4,8,20,21,44,80
1, 9,35,45,77,85,87
1, 23,32,38,40,51,71
1, 7,35,36,41,45,88
1, 3,10,18,25,50,68
1, 14,19,22,66,80,90
1, 1,10,47,50,52,74
1, 9,15,17,34,73,83
1, 10,13,45,51,65,88
1, 24,32,56,59,76,81
1, 16,39,65,67,83,86
1, 18,24,46,47,69,70
1, 4,12,33,52,85,87
1, 12,33,49,58,69,75
1, 7,23,39,48,69,75
1, 29,38,54,58,72,86
1, 5,19,26,32,67,87
1, 5,8,73,84,87,88
1, 1,38,47,50,58,65
1, 4,19,52,67,82,90
1, 6,10,22,48,61,65
1, 30,59,72,74,77,78
1, 24,41,44,56,73,90
1, 1,20,24,27,46,60
1, 10,16,20,57,65,89
1, 8,36,75,76,79,83
1, 42,44,51,64,65,77
1, 10,16,40,55,66,77
1, 11,25,63,72,76,87
1, 6,26,37,38,55,73
1, 6,8,28,29,32,73
1, 7,33,38,51,53,67
1, 13,16,41,49,58,76
1, 12,21,57,68,86,88
1, 4,18,41,52,79,82
1, 7,57,60,67,69,90
1, 14,59,64,75,80,83
1, 12,46,52,55,65,90
1, 13,18,25,26,35,61
1, 5,11,40,45,58,75
1, 19,29,37,46,64,75
1, 6,25,42,59,78,89
1, 8,19,25,49,50,54
1, 51,53,63,75,76,87
1, 10,65,77,80,81,86
1, 24,29,40,71,74,78
1, 1,7,56,70,88,90
1, 8,30,34,39,42,58
1, 5,17,53,56,61,83
1, 28,38,41,58,67,80
1, 39,43,56,61,65,81
1, 52,54,70,80,82,84
1, 38,39,42,49,55,81
1, 15,29,38,44,67,74
1, 33,41,49,50,73,87
1, 6,16,35,52,53,69
1, 21,44,46,49,58,67
1, 1,29,49,53,56,74
1, 4,5,46,47,73,82
1, 2,68,77,81,83,84
1, 24,31,37,45,71,81
1, 1,31,48,75,78,81
1, 10,14,17,56,65,84
1, 40,41,45,51,52,79
1, 18,34,58,60,64,88
1, 12,32,43,46,58,77
1, 7,22,33,48,86,87
1, 2,12,26,30,65,74
1, 6,13,17,52,64,82
1, 3,8,10,22,32,50
1, 20,27,28,46,64,85
1, 12,15,34,43,55,75
1, 10,16,35,39,64,65
1, 4,25,43,45,71,90
1, 6,38,50,63,65,74
1, 4,5,21,26,42,79
1, 20,23,24,29,66,73
1, 38,58,65,66,72,88
1, 9,43,50,51,57,83
1, 9,12,14,61,79,90
1, 17,20,48,62,85,90
1, 8,28,34,63,86,90
1, 8,43,61,62,70,86
1, 37,47,69,75,86,88
1, 18,23,45,51,61,86
1, 1,10,55,61,72,77
1, 37,40,70,71,75,80
1, 8,36,40,45,67,79
1, 5,19,20,26,53,54
1, 29,31,56,57,76,79
1, 23,24,49,69,70,72
1, 20,22,24,40,51,80
1, 4,23,35,54,72,88
1, 1,45,48,69,70,89
1, 6,24,30,34,37,71
1, 15,38,48,74,75,80
1, 25,46,48,52,57,81
1, 9,22,41,49,52,53
1, 3,20,21,43,69,70
1, 9,41,46,47,53,77
1, 20,30,47,69,77,83
1, 20,36,39,41,72,76
1, 18,33,51,66,87,90
1, 13,17,29,32,35,49
1, 3,4,5,47,55,80
1, 1,30,32,45,69,83
1, 3,8,16,64,72,73
1, 15,61,66,67,76,79
1, 20,40,44,53,66,72
1, 12,41,64,75,82,84
1, 13,68,75,79,87,88
1, 31,51,55,66,73,78
1, 14,17,21,31,33,69
1, 1,9,27,36,68,70
1, 5,7,13,33,66,79
1, 6,10,13,17,22,46
1, 1,4,50,66,69,77
1, 15,20,32,43,45,54
1, 5,31,36,68,75,90
1, 1,31,44,59,64,77
1, 8,16,39,63,84,86
1, 10,45,58,66,83,85
1, 10,11,27,45,79,88
1, 36,55,62,66,81,85
1, 7,22,46,50,55,73
1, 12,42,44,46,52,86
1, 4,17,52,59,67,84
1, 5,39,43,53,63,82
1, 3,21,63,81,87,89
1, 2,5,20,43,64,83
1, 12,14,23,36,72,87
1, 19,37,54,65,67,70
1, 4,16,29,58,69,88
1, 7,19,25,68,71,85
1, 1,10,26,28,29,62
1, 14,42,68,69,80,85
1, 2,8,24,36,80,84
1, 14,25,44,54,78,89
1, 24,35,39,60,72,75
1, 19,20,32,64,87,89
1, 40,44,49,57,58,87
1, 30,52,55,65,71,80
1, 6,29,30,78,81,88
1, 25,32,64,74,85,90
1, 7,11,48,49,64,72
1, 1,30,67,68,71,80
1, 9,39,49,64,65,72
1, 8,39,55,56,57,63
1, 13,40,41,56,82,87
1, 15,30,37,52,61,87
1, 18,34,41,43,46,55
1, 1,23,30,60,70,74
1, 21,38,63,70,71,83
1, 12,26,27,46,65,77
1, 5,12,16,44,71,75
1, 20,30,45,50,76,86
1, 5,26,49,50,73,90
1, 9,19,54,73,83,90
1, 21,28,60,68,71,88
1, 20,63,66,74,75,77
1, 3,12,16,30,84,89
1, 5,10,47,59,66,73
1, 14,37,48,55,84,87
1, 50,51,57,59,64,74
1, 30,36,45,49,63,89
1, 19,43,59,60,67,79
1, 5,44,45,53,73,89
1, 8,14,16,18,56,60
1, 6,25,46,59,71,83
1, 26,32,42,46,78,82
1, 28,41,55,69,79,82
1, 3,14,50,59,82,84
1, 3,27,29,46,47,61
1, 7,12,19,21,60,81
1, 9,11,17,38,81,88
1, 4,29,70,82,86,88
1, 3,36,40,42,54,59
1, 6,25,26,52,86,88
1, 1,3,6,42,81,83
1, 8,16,42,64,72,74
1, 4,26,59,63,69,74
1, 23,27,39,41,52,64
1, 19,47,69,71,86,87
1, 8,26,32,44,82,86
1, 11,20,24,31,40,49
1, 34,36,61,62,78,88
1, 22,24,30,58,60,89
1, 32,40,45,47,56,71
1, 13,28,31,58,59,79
1, 19,32,33,57,65,75
1, 26,29,35,81,82,87
1, 52,58,61,62,65,69
1, 7,38,66,67,71,88
1, 7,20,35,37,57,70
1, 7,18,27,80,81,83
1, 1,25,28,39,51,89
1, 35,36,43,46,69,75
1, 5,21,26,45,47,49
1, 21,23,32,35,36,72
1, 3,33,45,57,78,80
1, 5,8,32,43,59,85
1, 10,11,20,41,55,83
1, 30,44,47,48,53,56
1, 19,33,45,50,54,86
1, 3,6,41,44,48,73
1, 15,16,20,23,24,87
1, 12,19,24,51,56,78
1, 23,30,33,67,69,71
1, 14,22,36,53,59,66
1, 15,35,42,45,55,77
1, 10,21,23,35,55,89
1, 13,45,70,72,81,84
1, 1,22,24,44,47,79
1, 1,2,34,54,79,88
1, 21,22,25,53,76,85
1, 3,21,33,45,47,85
1, 6,31,63,74,75,85
1, 4,14,31,68,70,74
1, 27,44,48,57,77,83
1, 5,6,18,34,42,72
1, 2,5,8,65,74,77
1, 2,45,59,70,75,82
1, 1,2,11,56,57,75
1, 4,17,52,55,56,67
1, 36,42,46,51,72,84
1, 2,21,37,39,41,64
1, 13,18,47,51,60,64
1, 1,10,16,51,76,89
1, 15,25,58,61,83,86
1, 11,24,46,48,68,82
1, 8,30,38,51,62,66
1, 7,10,23,33,68,85
1, 5,48,71,84,85,87
1, 1,2,18,27,43,47
1, 4,14,40,41,54,79
1, 22,36,60,64,71,80
1, 41,51,61,66,75,88
1, 1,4,50,70,71,76
1, 49,51,53,56,58,81
1, 19,22,31,41,54,87
1, 32,37,52,53,66,83
1, 6,11,21,30,58,63
1, 4,25,30,40,41,62
1, 9,22,61,67,84,85
1, 12,19,22,53,72,88
1, 7,37,40,53,55,62
1, 8,11,14,39,46,51
1, 13,25,33,53,75,83
1, 11,38,44,48,56,83
1, 11,18,42,44,45,83
1, 40,47,59,64,79,89
1, 12,26,27,42,66,89
1, 33,41,47,48,60,80
1, 8,10,23,35,40,46
1, 12,22,53,54,60,77
1, 4,8,19,39,63,70
1, 28,30,39,46,68,89
1, 2,26,30,32,63,89
1, 10,12,27,39,78,84
1, 21,33,69,73,81,84
1, 15,42,65,68,70,90
1, 7,12,36,73,77,85
1, 13,33,39,56,65,86
1, 6,22,31,37,38,51
1, 35,42,62,67,76,78
1, 16,19,61,69,72,84
1, 50,61,62,71,72,74
1, 6,19,26,27,52,65
1, 15,23,51,52,77,90
1, 9,26,27,40,51,69
1, 46,48,63,68,83,85
1, 25,32,34,54,64,83
1, 15,27,31,52,74,77
1, 49,55,57,64,70,77
1, 10,26,31,36,72,85
1, 13,18,19,49,78,87
1, 5,53,64,74,77,88
1, 11,22,39,52,55,63
1, 5,11,23,47,58,60
1, 12,27,54,68,73,76
1, 32,58,63,70,75,81
1, 2,24,49,56,76,78
1, 8,23,58,61,76,79
1, 19,47,56,57,70,71
1, 26,30,38,55,69,75
1, 15,16,79,80,84,88
1, 5,22,60,71,74,81
1, 27,28,56,67,75,86
1, 17,36,62,67,70,87
1, 29,33,40,47,54,87
1, 2,23,24,70,81,90
1, 7,39,45,47,55,80
1, 8,9,10,18,42,63
1, 2,3,15,16,24,67
1, 11,23,47,48,80,87
1, 22,30,43,62,70,71
1, 4,15,22,34,77,87
1, 8,19,46,49,73,85
1, 16,21,51,64,65,89
1, 15,19,26,34,67,69
1, 10,29,50,59,79,80
1, 25,32,43,52,65,78
1, 27,31,45,61,74,79
1, 5,32,39,50,59,77
1, 42,47,55,57,61,79
1, 11,18,40,58,81,87
1, 10,13,42,54,66,81
1, 15,21,55,60,70,90
1, 56,64,72,81,83,86
1, 17,21,23,31,33,37
1, 24,35,38,61,70,86
1, 14,15,16,27,56,57
1, 26,28,48,52,55,90
1, 7,13,19,65,86,88
1, 2,33,41,56,62,74
1, 21,23,33,46,61,76
1, 35,41,47,74,77,85
1, 9,19,27,53,78,81
1, 2,8,27,30,35,87
1, 6,16,44,45,89,90
1, 28,42,46,56,74,87
1, 35,37,41,43,51,88
1, 33,36,39,50,65,70
1, 4,26,27,74,77,84
1, 8,38,48,66,70,86
1, 18,38,43,57,73,88
1, 8,16,59,61,78,90
1, 7,10,24,31,81,84
1, 4,10,18,53,75,80
1, 7,40,54,64,69,71
1, 29,42,56,65,80,90
1, 14,15,39,47,53,76
1, 37,38,56,62,70,83
1, 21,23,28,48,49,54
1, 10,27,37,57,66,78
1, 1,2,40,52,67,82
1, 1,34,46,51,60,75
1, 11,26,41,45,75,77
1, 18,21,24,28,74,77
1, 14,42,45,49,71,86
1, 14,20,57,79,85,88
1, 2,13,18,51,52,55
1, 13,18,21,31,41,56
1, 3,7,48,67,87,90
1, 9,18,39,63,64,85
1, 3,18,34,37,40,47
1, 8,12,36,62,68,81
1, 19,41,43,48,73,81
1, 8,23,48,56,59,78
1, 22,56,60,62,79,87
1, 2,8,9,29,53,75
1, 3,35,45,47,54,70
1, 10,26,53,66,70,78
1, 6,11,28,43,56,83
1, 5,30,31,55,57,70
1, 11,14,39,63,73,75
1, 5,11,17,21,28,63
1, 11,28,38,49,66,77
1, 5,15,59,65,70,82
1, 26,38,40,66,76,81
1, 15,27,47,51,62,63
1, 20,22,36,68,81,87
1, 5,25,44,54,65,70
1, 1,8,14,27,83,87
1, 8,18,25,38,41,43
1, 17,19,32,41,52,87
1, 22,26,42,44,58,83
1, 4,8,11,36,55,83
1, 8,12,27,72,80,84
1, 11,32,36,52,63,66
1, 21,45,55,61,73,80
1, 2,10,30,43,56,83
1, 8,21,24,25,27,75
1, 4,49,54,73,79,83
1, 18,23,31,38,47,51
1, 18,39,61,68,74,75
1, 6,57,58,66,76,80
1, 17,39,41,47,77,83
1, 17,40,50,73,74,82
1, 13,16,42,61,63,81
1, 8,24,32,34,65,86
1, 45,67,70,80,81,89
1, 3,24,31,32,61,85
1, 18,27,49,59,81,88
1, 6,8,15,18,33,75
1, 4,7,9,19,55,58
1, 1,9,40,59,73,74
1, 23,31,33,39,74,84
1, 11,14,43,46,61,70
1, 3,22,38,70,77,81
1, 5,24,32,78,80,83
1, 26,33,53,61,73,82
1, 8,12,14,66,76,88
1, 5,24,28,41,51,73
1, 11,30,55,76,77,90
1, 18,38,39,45,57,90
1, 3,4,19,39,73,78
1, 1,13,17,31,58,62
1, 15,30,33,35,87,88
1, 10,42,48,67,83,84
1, 11,34,46,58,77,82
1, 15,17,24,31,80,86
1, 7,32,58,60,66,69
1, 4,8,51,72,74,88
1, 9,16,19,26,28,46
1, 15,20,57,72,76,89
1, 20,47,56,64,66,67
1, 11,27,47,50,58,82
1, 19,21,27,47,59,88
1, 5,28,33,64,81,84
1, 19,23,39,54,79,87
1, 1,8,41,68,69,73
1, 18,22,28,33,57,71
1, 33,35,47,51,62,89
1, 5,33,44,46,66,76
1, 16,23,28,33,43,86
1, 8,17,36,37,60,65
1, 14,15,21,41,60,63
1, 34,53,77,78,83,89
1, 3,15,48,74,76,81
1, 28,44,49,57,64,89
1, 3,15,23,40,51,60
1, 19,39,43,48,62,76
1, 10,19,24,29,42,67
1, 11,13,17,49,51,61
1, 31,39,51,84,86,89
1, 15,31,62,68,72,73
1, 18,33,61,70,81,90
1, 4,11,14,17,25,32
1, 9,31,39,44,72,81
1, 18,36,62,63,76,80
1, 29,43,61,62,77,79
1, 8,9,17,37,49,86
1, 11,54,64,70,73,77
1, 5,6,9,51,62,66
1, 11,37,39,52,68,90
1, 40,41,51,62,66,80
1, 22,31,45,68,84,88
1, 20,48,57,65,71,90
1, 24,51,64,69,71,77
1, 3,28,38,43,73,75
1, 1,19,23,50,74,77
1, 32,39,52,56,69,85
1, 30,31,33,44,77,89
1, 5,31,62,63,68,78
1, 1,29,37,67,74,81
1, 1,19,29,60,76,77
1, 40,41,49,56,61,63
1, 27,35,47,57,85,89
1, 2,13,31,37,38,82
1, 46,54,65,70,82,85
1, 44,48,49,68,86,87
1, 8,23,30,53,69,78
1, 3,4,39,43,56,81
1, 13,22,44,74,77,87
1, 6,20,43,44,46,67
1, 24,32,44,60,64,76
1, 11,26,30,34,43,73
1, 12,25,66,72,75,89
1, 32,41,45,47,78,90
1, 1,16,25,33,54,71
1, 12,15,40,50,66,88
1, 12,22,27,43,60,72
1, 20,25,37,45,49,63
1, 3,4,31,52,66,84
1, 12,34,39,52,61,83
1, 7,8,47,56,79,90
1, 4,26,40,54,55,67
1, 2,11,22,25,60,78
1, 16,19,48,51,65,85
1, 24,50,58,69,87,88
1, 11,12,44,57,77,89
1, 1,23,32,53,66,83
1, 22,25,46,52,54,65
1, 2,24,51,55,62,81
1, 13,24,29,37,55,67
1, 8,54,59,66,86,89
1, 19,22,26,59,61,71
1, 7,12,14,16,24,45
1, 10,33,34,44,70,79
1, 10,41,59,61,65,71
1, 2,15,39,57,62,73
1, 29,36,37,40,70,75
1, 4,16,31,54,70,87
1, 3,4,18,29,64,90
1, 3,9,33,61,65,85
1, 13,22,43,50,70,76
1, 14,31,35,40,50,66
1, 1,30,36,37,60,88
1, 22,36,40,44,46,76
1, 45,49,63,67,82,90
1, 1,35,51,56,68,79
1, 4,8,12,17,19,80
1, 50,62,70,75,82,90
1, 21,23,25,65,67,78
1, 12,13,17,38,74,87
1, 3,11,26,36,45,75
1, 5,26,37,43,45,64
1, 1,27,37,42,53,61
1, 15,18,29,37,47,50
1, 5,13,31,42,43,73
1, 4,11,26,53,63,66
1, 7,32,40,43,47,87
1, 8,16,23,24,71,77
1, 3,27,34,62,81,88
1, 31,32,57,59,78,79
1, 10,15,17,57,65,80
1, 6,8,18,51,80,89
1, 33,42,46,55,69,90
1, 5,9,25,30,76,81
1, 42,45,48,56,68,83
1, 31,35,48,64,65,89
1, 15,18,35,55,64,88
1, 8,9,42,71,78,79
1, 27,44,46,50,54,69
1, 35,36,63,71,75,89
1, 15,27,31,40,63,82
1, 2,21,22,56,70,81
1, 5,11,33,51,82,85
1, 2,6,53,54,68,89
1, 17,20,27,29,72,73
1, 1,11,27,45,49,61
1, 30,56,57,73,82,84
1, 2,4,23,38,53,59
1, 12,17,27,44,72,90
1, 10,27,42,72,75,87
1, 13,35,41,44,59,79
1, 1,43,45,48,51,56
1, 8,54,62,63,66,84
1, 6,14,19,26,51,53
1, 16,38,40,69,84,90
1, 22,35,44,66,71,88
1, 4,13,18,58,71,84
1, 28,64,65,77,85,89
1, 36,52,69,71,78,84
1, 35,42,60,88,89,90
1, 20,29,44,54,64,69
1, 26,35,47,66,67,80
1, 1,5,17,38,61,71
1, 13,14,19,57,77,79
1, 10,12,54,58,72,88
1, 24,50,57,62,72,77
1, 5,27,43,50,75,90
1, 22,30,43,56,69,78
1, 12,40,42,66,73,80
1, 11,20,51,63,68,88
1, 5,7,46,65,73,82
1, 18,62,64,69,75,81
1, 1,2,8,30,42,43
1, 3,12,38,50,54,55
1, 3,20,47,52,83,90
1, 5,13,18,40,51,56
1, 24,48,50,62,63,87
1, 5,15,23,39,43,49
1, 35,52,55,61,80,83
1, 3,7,10,37,57,86
1, 2,23,35,46,47,63
1, 12,14,41,51,69,90
1, 8,13,31,42,58,88
1, 11,22,35,65,78,81
1, 20,58,65,70,77,86
1, 28,45,60,63,74,86
1, 3,15,28,76,83,86
1, 5,30,34,50,82,84
1, 18,46,63,68,73,79
1, 13,29,40,61,73,81
1, 21,41,60,69,71,83
1, 5,38,48,52,81,88
1, 5,11,22,27,36,90
1, 28,34,42,68,71,88
1, 7,8,33,39,48,84
1, 8,46,49,55,80,87
1, 13,18,19,27,50,69
1, 4,6,8,41,76,80
1, 20,40,64,68,76,90
1, 4,6,27,37,45,58
1, 8,28,35,53,57,61
1, 7,9,17,51,57,78
1, 6,7,33,53,64,90
1, 6,15,45,47,69,70
1, 7,12,24,37,58,81
1, 25,26,75,78,79,80
1, 20,24,38,42,44,79
1, 4,23,24,35,77,79
1, 43,51,54,71,73,85
1, 15,59,64,65,76,79
1, 26,65,73,76,81,90
1, 4,48,60,63,84,88
1, 14,29,34,62,65,89
1, 26,36,43,47,64,90
1, 2,10,35,67,77,90
1, 2,5,6,56,58,73
1, 41,55,72,78,83,87
1, 9,37,40,61,69,84
1, 20,49,53,63,73,84
1, 33,39,49,57,76,80
1, 11,12,27,39,67,90
1, 6,7,42,55,75,88
1, 4,26,28,59,61,68
1, 4,24,47,66,74,77
1, 14,24,40,56,81,90
1, 8,17,29,32,65,90
1, 21,32,35,40,66,83
1, 27,28,46,48,52,70
1, 11,23,38,47,57,83
1, 27,28,40,63,67,78
1, 10,25,56,68,71,77
1, 46,58,59,82,88,90
1, 1,35,37,39,57,84
1, 12,37,38,42,79,82
1, 9,17,29,37,49,68
1, 23,36,56,78,80,83
1, 3,27,30,38,43,60
1, 10,11,64,74,82,88
1, 3,13,20,35,46,58
1, 12,19,33,38,62,80
1, 12,18,39,46,56,63
1, 5,20,44,51,54,90
1, 15,17,25,39,57,58
1, 12,13,31,69,71,77
1, 7,30,43,52,57,82
1, 19,42,64,68,72,86
1, 16,21,26,64,66,78
1, 15,23,27,29,50,69
1, 5,11,21,49,54,84
1, 30,37,41,62,65,68
1, 2,4,5,9,22,75
1, 24,26,49,53,68,83
1, 20,34,44,61,74,87
1, 4,38,42,57,64,75
1, 41,48,66,81,86,87
1, 10,19,32,49,53,66
1, 6,13,26,33,34,78
1, 12,40,51,68,73,77
1, 7,21,58,65,72,77
1, 10,40,66,72,76,80
1, 3,4,7,55,61,77
1, 12,16,21,25,27,64
1, 1,5,6,39,41,70
1, 12,35,54,58,61,65
1, 5,7,13,40,52,84
1, 6,8,10,11,16,61
1, 16,21,29,39,70,90
1, 36,37,44,62,75,90
1, 26,33,43,49,61,76
1, 1,3,19,23,61,78
1, 2,25,31,38,45,84
1, 14,61,69,79,81,85
1, 9,27,45,66,68,71
1, 27,31,34,47,58,75
1, 29,37,53,62,79,85
1, 12,17,32,47,74,86
1, 17,30,38,51,77,80
1, 35,45,50,51,82,87
1, 25,34,43,57,67,77
1, 32,38,40,59,62,79
1, 1,9,11,21,36,47
1, 7,28,44,55,57,78
1, 30,32,49,53,72,84
1, 3,20,57,62,79,84
1, 8,26,39,56,78,85
1, 25,28,37,51,54,81
1, 19,37,50,73,75,85
1, 6,11,17,18,20,59
1, 13,18,32,46,55,78
1, 7,17,44,63,64,88
1, 4,40,60,71,72,90
1, 37,48,55,76,87,90
1, 13,18,26,53,54,70
1, 3,11,28,29,68,88
1, 2,34,45,47,54,74
1, 8,23,48,49,61,62
1, 14,16,32,35,41,50
1, 12,18,49,51,66,69
1, 5,20,24,48,78,80
1, 20,26,30,39,40,55
1, 2,20,32,51,53,83
1, 17,39,48,55,57,85
1, 6,27,39,43,62,84
1, 29,33,67,75,83,86
1, 33,36,61,66,83,85
1, 1,13,14,34,67,83
1, 7,18,19,56,66,71
1, 34,36,71,76,86,89
1, 13,23,31,58,67,68
1, 7,21,28,45,59,90
1, 16,33,60,61,62,63
1, 1,5,16,60,84,86
1, 5,18,55,59,65,74
1, 1,10,62,69,78,85
1, 20,46,48,62,71,86
1, 11,27,45,53,55,58
1, 23,49,52,65,67,76
1, 12,25,41,79,86,88
1, 28,41,56,75,83,90
1, 20,23,30,44,78,88
1, 4,16,27,55,67,72
1, 15,20,42,43,47,83
1, 42,55,59,61,70,73
1, 7,9,32,35,40,48
1, 9,13,31,35,45,79
1, 22,28,75,78,83,87
1, 20,23,28,51,65,81
1, 6,7,9,14,17,35
1, 40,46,49,62,77,88
1, 18,23,34,37,67,68
1, 27,36,38,41,71,84
1, 32,34,39,52,59,61
1, 8,13,27,34,47,83
1, 1,5,22,24,41,43
1, 36,45,56,79,81,90
1, 22,24,49,58,72,85
1, 7,48,53,59,70,76
1, 1,23,38,50,60,77
1, 3,25,26,29,48,79
1, 24,28,54,68,78,81
1, 11,14,17,35,43,70
1, 22,39,45,53,74,86
1, 5,34,43,53,71,78
1, 41,43,53,65,67,80
1, 14,15,64,76,80,86
1, 10,11,16,45,46,55
1, 11,21,40,66,68,83
1, 3,9,13,25,42,81
1, 6,9,29,41,50,90
1, 5,6,17,55,62,73
1, 2,26,34,58,80,81
1, 23,50,54,56,78,83
1, 6,32,48,53,54,87
1, 6,8,24,28,36,63
1, 4,23,56,71,76,78
1, 1,38,70,75,83,86
1, 21,23,25,27,36,84
1, 8,53,65,66,80,87
1, 17,24,34,59,72,82
1, 8,22,36,43,76,77
1, 14,32,56,72,78,79
1, 1,2,8,12,48,66
1, 35,49,56,78,87,90
1, 35,54,78,81,86,88
1, 8,36,49,59,70,87
1, 3,5,10,32,44,75
1, 22,25,26,49,59,85
1, 11,17,47,57,79,86
1, 9,17,30,37,40,46
1, 15,26,35,39,53,59
1, 3,11,16,38,69,82
1, 7,71,72,75,80,90
1, 66,72,76,77,81,85
1, 17,23,30,74,81,84
1, 7,19,39,45,48,86
1, 1,4,21,56,69,75
1, 1,6,31,45,58,85
1, 1,37,69,74,77,89
1, 19,25,42,51,55,56
1, 13,30,46,48,70,88
1, 12,14,17,32,50,58
1, 5,11,40,43,56,82
1, 32,36,43,56,66,89
1, 15,28,42,55,76,88
1, 6,31,58,64,74,82
1, 12,23,49,53,67,83
1, 5,14,17,38,64,68
1, 40,41,62,65,89,90
1, 10,36,63,75,79,85
1, 30,38,52,63,74,89
1, 34,38,53,60,72,88
1, 2,3,64,69,73,82
1, 23,26,34,56,66,85
1, 25,55,57,67,69,86
1, 36,48,56,65,71,73
1, 7,9,16,24,32,40
1, 3,10,18,42,67,90
1, 10,16,20,26,48,56
1, 6,34,59,61,83,90
1, 25,32,44,56,77,87
1, 39,45,49,66,75,80
1, 8,15,24,25,44,55
1, 23,25,37,38,50,86
1, 3,5,11,14,38,79
1, 23,27,43,56,71,75
1, 38,43,44,45,63,77
1, 14,30,33,35,58,76
1, 24,34,64,66,68,72
1, 40,44,62,76,85,90
1, 23,36,38,52,62,63
1, 7,12,19,43,71,77
1, 13,39,62,63,66,76
1, 2,3,13,23,30,70
1, 12,51,56,73,85,88
1, 5,24,51,76,77,79
1, 3,27,48,58,78,90
1, 10,22,39,55,81,89
1, 28,31,40,67,74,90
1, 23,58,64,67,79,81
1, 8,21,24,42,72,73
1, 10,17,33,38,67,71
1, 31,49,54,57,80,88
1, 6,19,30,53,55,76
1, 8,22,36,48,53,55
1, 28,49,50,54,66,68
1, 7,41,56,61,68,84
1, 9,24,56,68,80,86
1, 35,47,54,68,71,78
1, 50,52,54,76,77,86
1, 22,27,48,52,81,83
1, 3,6,10,26,43,72
1, 44,53,61,65,86,89
1, 8,33,42,44,48,89
1, 11,18,47,80,89,90
1, 11,35,58,64,68,72
1, 1,17,33,34,46,62
1, 6,19,25,42,48,52
1, 2,22,37,46,57,74
1, 15,18,47,70,74,89
1, 19,61,62,65,85,89
1, 19,32,34,63,74,89
1, 12,27,31,32,57,83
1, 8,14,20,36,45,85
1, 25,40,57,59,76,82
1, 12,14,29,48,49,85
1, 14,30,64,75,79,89
1, 16,19,24,37,63,85
1, 4,26,34,61,76,81
1, 16,17,49,50,74,81
1, 21,31,37,64,75,88
1, 18,28,35,52,57,75
1, 2,27,52,65,70,82
1, 2,7,24,56,82,85
1, 7,27,28,45,57,75
1, 8,21,32,33,60,69
1, 29,48,49,54,75,87
1, 5,49,71,83,85,88
1, 1,13,14,25,72,86
1, 6,37,62,73,79,90
1, 2,11,21,23,39,47
1, 22,29,30,32,41,52
1, 5,34,44,73,77,83
1, 27,29,39,54,59,74
1, 11,22,42,49,58,89
1, 20,46,50,52,69,86
1, 11,13,20,41,76,89
1, 12,26,27,47,63,77
1, 4,52,68,79,85,86
1, 19,23,29,44,69,89
1, 28,32,46,49,85,87
1, 8,13,16,17,49,68
1, 3,29,51,55,73,81
1, 26,68,73,75,76,86
1, 8,41,60,70,73,85
1, 2,12,20,52,54,63
1, 16,19,20,30,31,47
1, 24,33,37,40,60,86
1, 36,38,39,66,76,83
1, 3,19,33,36,72,84
1, 17,22,54,69,82,88
1, 3,14,31,32,64,79
1, 21,40,76,77,83,84
1, 3,16,22,39,49,71
1, 7,10,22,23,41,77
1, 7,19,27,54,64,78
1, 11,16,54,56,57,82
1, 4,24,62,66,76,84
1, 2,3,22,46,61,80
1, 9,25,29,43,48,54
1, 10,11,12,24,56,71
1, 5,42,51,66,69,74
1, 5,22,40,46,86,87
1, 6,16,28,32,43,90
1, 13,14,40,66,79,85
1, 6,28,39,46,60,78
1, 12,13,28,30,47,63
1, 6,10,19,71,72,89
1, 21,31,33,40,50,52
1, 3,12,13,15,43,46
1, 8,19,27,43,51,79
1, 2,16,38,40,44,57
1, 16,40,50,58,62,63
1, 28,30,65,74,77,83
1, 29,31,51,60,72,73
1, 18,37,40,45,54,56
1, 4,15,25,39,45,79
1, 4,16,40,57,71,84
1, 2,55,76,78,81,85
1, 7,8,10,45,49,53
1, 1,35,42,55,57,62
1, 44,56,57,76,86,88
1, 4,24,30,61,66,69
1, 19,35,49,52,75,79
1, 31,33,61,77,86,88
1, 41,46,64,71,84,87
1, 9,20,33,48,55,84
1, 6,7,16,51,62,83
1, 12,38,65,72,83,84
1, 19,32,41,42,64,65
1, 7,11,21,34,69,88
1, 34,40,42,64,77,88
1, 10,19,32,44,56,76
1, 14,42,53,68,83,89
1, 6,9,10,20,60,83
1, 21,29,43,53,66,89
1, 19,26,63,67,68,83
1, 6,27,37,38,47,79
1, 1,31,51,73,77,88
1, 1,6,13,24,46,89
1, 25,60,62,68,83,89
1, 19,48,49,56,60,88
1, 10,41,52,53,61,88
1, 7,30,47,76,83,89
1, 19,32,41,42,67,77
1, 3,25,43,55,72,80
1, 1,63,67,71,75,79
1, 5,10,34,48,56,87
1, 20,39,42,45,74,77
1, 31,58,80,81,88,89
1, 29,31,35,49,69,74
1, 13,14,22,24,46,81
1, 6,28,46,55,56,62
1, 22,68,75,83,85,89
1, 9,10,26,30,44,54
1, 10,21,22,43,61,66
1, 41,44,55,56,68,79
1, 15,19,30,46,47,71
1, 19,38,60,80,81,90
1, 25,44,45,52,68,81
1, 10,12,29,41,45,50
1, 1,3,20,43,51,78
1, 2,22,28,39,61,79
1, 2,22,33,42,52,71
1, 1,22,41,69,73,89
1, 29,37,50,62,70,86
1, 16,24,51,55,59,66
1, 29,42,45,58,67,86
1, 4,11,32,51,66,81
1, 3,14,30,50,66,87
1, 13,16,23,52,67,78
1, 1,27,40,81,82,85
1, 14,31,34,78,89,90
1, 4,19,20,24,44,55
1, 25,32,46,58,74,79
1, 20,31,45,62,76,81
1, 1,20,22,23,61,82
1, 23,33,78,79,87,88
1, 5,29,35,39,41,45
1, 21,39,44,49,65,87
1, 36,42,63,77,81,86
1, 6,12,23,28,77,79
1, 17,25,41,45,57,82
1, 3,33,63,71,78,79
1, 29,56,66,77,88,89
1, 18,28,33,41,63,84
1, 12,23,54,68,84,89
1, 12,23,32,35,52,55
1, 3,7,11,35,69,85
1, 1,4,14,30,78,82
1, 30,37,41,45,47,57
1, 6,13,34,52,63,83
1, 10,32,46,61,70,75
1, 1,18,34,39,48,64
1, 16,19,44,60,76,89
1, 28,30,32,33,34,52
1, 3,17,43,54,75,79
1, 14,53,55,65,83,87
1, 8,58,76,81,85,87
1, 11,41,52,71,81,89
1, 3,17,18,41,63,89
1, 15,25,34,54,70,88
1, 29,53,54,72,76,90
1, 8,27,39,51,54,90
1, 13,43,47,55,67,70
1, 16,31,41,61,65,77
1, 6,33,57,61,80,83
1, 22,26,27,28,72,73
1, 14,15,20,42,70,88
1, 43,56,61,62,73,81
1, 2,38,39,41,61,76
1, 22,42,47,62,70,72
1, 14,25,28,42,82,90
1, 9,34,57,72,84,88
1, 3,5,13,54,58,85
1, 17,19,35,39,40,51
1, 7,37,44,45,53,68
1, 17,24,25,40,58,64
1, 20,21,26,53,80,90
1, 7,19,37,51,53,74
1, 19,21,28,50,53,62
1, 36,55,59,81,82,89
1, 23,37,41,51,62,74
1, 50,55,57,62,78,83
1, 10,25,35,83,87,90
1, 11,12,32,55,72,87
1, 12,20,23,34,67,87
1, 10,13,21,31,48,72
1, 13,14,20,22,44,88
1, 4,9,24,64,74,76
1, 15,31,39,49,64,85
1, 14,20,35,45,48,66
1, 29,37,49,51,55,74
1, 10,17,50,65,75,86
